2과목 SQL 기본 및 활용
1. 4
2. 4
3. TCL
4. 1
5. 1,2
6. 1
7. 4
8. 3
9. 2
10. 1
11. 1
12. 3
13. 3
14. 2, 3
15. 3
16. ALTER TABLE , DROP COLUMN
17. 1
18. ALTER RENAME STADIUM TO STADIUM_JSC
19. 4
20. 4
21. 2
22. 3
23. 1
24. Distinct
25. 1
26. 1,4
27. 4
28. 1,4
29. 3
30. 트랜잭션, commit, rollback
31. 3
32. LCD-TV
33. WHERE
34. 2
35. 4
36. 1
37. 4
38. 4
39. 4
40. 2
41. 3
42. 3
43. WHEN LOC = 'NEW YORK' THEN 'EAST'
44. 4
45. 2
46. NULLIF
47. 4 0/숫자 = 0
48. 3(널이 아닌 값을 출력하므로)
49. NVL, IFNULL, COALESCE
50. 10, 20, 20 3번
51. 3
52. 2
53. 4. 어떤 값에 대한 평균인지 알 수 없다.
54. 2
55. 2
56. 4, 지역, 년별로 하는게맞다
57. 3
58. 2
59. 4
60. 4 (with 문을 같이 사용해야 함)
61. 3
62. 4
63. 4
64. 3
65. 2
66. 3
67. 1,2
68. 2
69. 3
70. 1
71. CROSS JOIN
72. 1
73. 4
74. 1
75. OUTER JOIN
76. 2
77. 1
78. 5
79. 4
80. 2
81. 2
82. 3
83. 1
84. 1
85. 3
86. 3
87. C
88. 4
89. 3
90. 4
91. 1
92. 1
93. 3
94. 3
95. 2
96. 3
97. 3
98. 3
99. 2
100. 3