1. 1(o)
2. 3(o)
3. 1(o)
4. 4(o)
5. 1, 4 (o)
6. 1 (o)
7. 2 (x,1)
8. 3 (o)
9. 1,2 (o)
10. 4 (o)
11. 1, 3 (o)
12. 3 (x, 2)
13. 2 (o)
14. 2,3 (o)
15. 1 (o)
16. 4 (o)
17. 3 (o)
18. 2 (o)
19. 4 (o)
20. 2 (x, 3)
21. 3 (o)
22. 4 (o)
23. 3 (x 1,2)
24. 3 (o)
25. 2 (o)
26. 4 (o)
27. 4 (o)
28. 2 (o)
29. 4 (x, 3)
30. 3000 (x, 2000)
31. 4(x, 3)
32. 4(x, 2)
33. 3(x, 3)
34. 4(o)
35. 1,4 (o)
36. 2 (o)
37. 3 (x, 2)
38. 2 (o)
39. 2 (o)
40. 3 (o)
41. 3 (x, 1)
42. 2 (x, 4)
43. 2 (o)
44. 4 (o)
45. 2 (x, 4)
46. 1,3 (x, 2,4)
47. 2 (x, 1)
48. 2 (o)
49. 3 (o)
50. 4 (x, 1,3)
51. 4 (x 2,4)
52. 2 (x, 3)
53. 3 (o)
54. 2 (o)
55. 1 (x, 1)
56. 3 (x, 1,3)
57. 2,3 (o)
58. 4 (o)
59. 3 (o)
60. 2(해시는 안쓰는게 좋다) (o)
61. 3 (o)
62. 4 (x, 4)
63. 1 (x 1,2)
64. 1 (x, 3)
65. 1 (x, 4)
66. 2 (o)
67. 3 (x, 4)
68. 1 (o)
69. 4 (x, 3)
70. 2 (x, 3)
71. 3 (x, 1)
72. 4 (x, 2)
73. 2 (x, 3)
74. 1 (x, 3)
75. 2 (o)
76. 3 (o)
77. 2,4 (x, 1,2)
78. 1 (o)
79. 2,3 (x, 1,4)
80. 3 (x, 1)
81. 2 (x, 4)
82. 3 (o)
